# This is finesse result simulated at 2020-10-06 15:31:27.008841 
# x pd0_AS pd0_REFL 
-180.0 0.0358652503709881 0.958139877096034
-179.64 0.0360108824544933 0.957994245012528
-179.28 0.0364476867645411 0.957557440702481
-178.92 0.0371753874061948 0.956829740060827
-178.56 0.0381935247481596 0.955811602718862
-178.2 0.039501455713096 0.954503671753926
-177.84 0.0410983541838003 0.952906773283221
-177.48 0.0429832115249993 0.951021915942022
-177.12 0.0451548372204244 0.948850290246597
-176.76 0.0476118596247685 0.946393267842253
-176.4 0.0503527268300456 0.943652400636976
-176.04 0.0533757076458097 0.940629419821212
-175.68 0.0566788926926113 0.93732623477441
-175.32 0.0602601956080036 0.933744931859018
-174.96 0.0641173543643308 0.929887773102691
-174.6 0.0682479326974781 0.925757194769544
-174.24 0.0726493216456631 0.921355805821359
-173.88 0.0773187411973146 0.916686386269707
-173.52 0.0822532420469882 0.911751885420033
-173.16 0.0874497074582093 0.906555420008812
-172.8 0.0929048552320696 0.901100272234952
-172.44 0.0986152397803393 0.895389887686682
-172.08 0.104577254301767 0.889427873165255
-171.72 0.11078713306022 0.883217994406801
-171.36 0.117240953763198 0.876764173703823
-171.0 0.123934640039242 0.87007048742778
-170.64 0.130863964012653 0.863141163454369
-170.28 0.138024548973912 0.85598057849311
-169.92 0.145411872144106 0.848593255322916
-169.56 0.153021267531603 0.840983859935419
-169.2 0.160847928879205 0.833157198587816
-168.84 0.168886912699872 0.82511821476715
-168.48 0.177133141399141 0.816871986067881
-168.12 0.185581406482239 0.808423720984783
-167.76 0.194226371843885 0.799778755623137
-167.4 0.203062577138683 0.790942550328339
-167.04 0.212084441229996 0.781920686237025
-166.68 0.221286265715113 0.772718861751908
-166.32 0.230662238524481 0.76334288894254
-165.96 0.240206437592729 0.753798689874293
-165.6 0.249912834599177 0.744092292867845
-165.24 0.25977529877545 0.734229828691572
-164.88 0.269787600777802 0.724217526689219
-164.52 0.279943416621706 0.714061710845316
-164.16 0.290236331676214 0.703768795790808
-163.8 0.300659844715577 0.693345282751445
-163.44 0.311207372025563 0.682797755441459
-163.08 0.321872251561862 0.67213287590516
-162.72 0.332647747157987 0.661357380309035
-162.36 0.343527052779972 0.650478074687049
-162.0 0.354503296825219 0.639501830641803
-161.64 0.365569546462737 0.628435581004284
-161.28 0.376718812012075 0.617286315454946
-160.92 0.387944051358154 0.606061076108867
-160.56 0.399238174399217 0.594766953067805
-160.2 0.410594047525083 0.583411079941939
-159.84 0.422004498122896 0.572000629344126
-159.48 0.433462319107502 0.56054280835952
-159.12 0.444960273473588 0.549044853993434
-158.76 0.45649109886674 0.537514028600281
-158.4 0.468047512170499 0.525957615296523
-158.04 0.479622214106531 0.51438291336049
-157.68 0.491207893845008 0.502797233622014
-157.32 0.50279723362229 0.491207893844732
-156.96 0.514382913362971 0.479622214104051
-156.6 0.525957615303409 0.468047512163613
-156.24 0.537514028613769 0.456491098853253
-155.88 0.54904485401571 0.444960273451311
-155.52 0.560542808392762 0.433462319074259
-155.16 0.572000629390496 0.422004498076526
-154.8 0.583411080003583 0.410594047463439
-154.44 0.59476695314685 0.399238174320171
-154.08 0.606061076207417 0.387944051259605
-153.72 0.617286315575083 0.376718811891939
-153.36 0.628435581148058 0.365569546318964
-153.0 0.639501830811237 0.354503296655785
-152.64 0.650478074884132 0.343527052582889
-152.28 0.661357380535722 0.332647746931299
-151.92 0.672132876163367 0.321872251303655
-151.56 0.682797755733064 0.311207371733958
-151.2 0.69334528307828 0.300659844388742
-150.84 0.703768796154662 0.29023633131236
-150.48 0.71406171124793 0.279943416219092
-150.12 0.724217527132284 0.269787600334738
-149.76 0.734229829176726 0.259775298290296
-149.4 0.744092293396672 0.24991283407035
-149.04 0.753798690448321 0.240206437018701
-148.68 0.763342889563237 0.230662237903784
-148.32 0.772718862420682 0.22128626504634
-147.96 0.781920686955221 0.212084440511801
-147.6 0.790942551097236 0.203062576369786
-147.24 0.799778756443947 0.194226371023074
-146.88 0.808423721858652 0.18558140560837
-146.52 0.816871986995882 0.177133140471139
-146.16 0.825118215750286 0.168886911716736
-145.8 0.833157199627015 0.160847927840006
-145.44 0.840983861031533 0.153021266435489
-145.08 0.848593256476723 0.145411870990299
-144.72 0.855980579705304 0.138024547761717
-144.36 0.863141164725571 0.130863962741451
-144.0 0.870070488758526 0.123934638708495
-143.64 0.87676417509457 0.117240952372452
-143.28 0.88321799585792 0.110787131609102
-142.92 0.889427874677033 0.104577252789989
-142.56 0.895389889259324 0.0986152382076976
-142.2 0.901100273868574 0.0929048535984481
-141.84 0.906555421703445 0.0874497057635773
-141.48 0.911751887175619 0.0822532402914034
-141.12 0.9166863880861 0.0773187393809219
-140.76 0.921355807698326 0.0726493197686959
-140.4 0.925757196706762 0.0682479307602599
-140.04 0.929887775099749 0.0641173523672731
-139.68 0.933744933915414 0.0602601935516077
-139.32 0.937326236889553 0.0566788905774689
-138.96 0.94062942199442 0.0533757054726019
-138.6 0.943652402867478 0.0503527245995433
-138.24 0.946393270129189 0.0476118573378323
-137.88 0.948850292589017 0.0451548348780044
-137.52 0.951021918338887 0.0429832091281347
-137.16 0.952906775733402 0.041098351733619
-136.8 0.954503674256207 0.0395014532108145
-136.44 0.95581160527194 0.0381935221950821
-136.08 0.956829742663309 0.0371753848037125
-135.72 0.95755744335289 0.0364476841141319
-135.36 0.957994247709301 0.0360108797577204
-135.0 0.958139879837522 0.0358652476294995
-134.64 0.957994247753151 0.0360108797138705
-134.28 0.957557443440506 0.0364476840265152
-133.92 0.956829742794527 0.037175384672495
-133.56 0.955811605446509 0.0381935220205128
-133.2 0.954503674473797 0.039501452993225
-132.84 0.952906775993599 0.0410983514734231
-132.48 0.951021918641194 0.0429832088258275
-132.12 0.948850292932859 0.0451548345341633
-131.76 0.946393270513907 0.0476118569531145
-131.4 0.943652403292335 0.0503527241746861
-131.04 0.9406294224586 0.0533757050084222
-130.68 0.93732623739216 0.0566788900748614
-130.32 0.933744934455477 0.0602601930115448
-129.96 0.929887775676219 0.0641173517908035
-129.6 0.925757197318514 0.0682479301485071
-129.24 0.921355808344163 0.0726493191228585
-128.88 0.916686388764751 0.0773187387022702
-128.52 0.911751887885742 0.0822532395812794
-128.16 0.906555422443628 0.0874497050233938
-127.8 0.901100274637336 0.0929048528296857
-127.44 0.895389890055118 0.0986152374119037
-127.08 0.889427875498245 0.104577251968777
-126.72 0.883217996702874 0.110787130764148
-126.36 0.876764175961528 0.117240951505494
-126.0 0.87007048964569 0.123934637821332
-125.64 0.863141165631084 0.130863961835938
-125.28 0.855980580627254 0.138024546839768
-124.92 0.848593257413144 0.145411870053878
-124.56 0.840983861980407 0.153021265486614
-124.2 0.833157200586275 0.160847926880747
-123.84 0.825118216717816 0.168886910749206
-123.48 0.816871987969524 0.177133139497499
-123.12 0.808423722836199 0.185581404630823
-122.76 0.799778757423159 0.194226370043863
-122.4 0.79094255207583 0.203062575391192
-122.04 0.78192068793088 0.212084439536142
-121.68 0.772718863391057 0.221286264075964
-121.32 0.763342890525949 0.230662236941073
-120.96 0.753798691400961 0.240206436066061
-120.6 0.744092294336807 0.249912833130214
-120.24 0.734229830101901 0.25977529736512
-119.88 0.724217528040025 0.269787599426997
-119.52 0.714061712135745 0.279943415331277
-119.16 0.703768797020044 0.290236330446978
-118.8 0.693345283918713 0.300659843548309
-118.44 0.682797756546022 0.311207370921
-118.08 0.672132876946319 0.321872250520703
-117.72 0.661357381286133 0.332647746180889
-117.36 0.650478075599469 0.343527051867552
-117.0 0.639501831488968 0.354503295978053
-116.64 0.628435581785661 0.36556954568136
-116.28 0.61728631617004 0.376718811296982
-115.92 0.606061076757226 0.387944050709796
-115.56 0.59476695364902 0.399238173818002
-115.2 0.583411080455642 0.410594047011379
-114.84 0.572000629789993 0.422004497677029
-114.48 0.560542808737271 0.433462318729751
-114.12 0.549044854302828 0.444960273164193
-113.76 0.537514028841124 0.456491098625898
-113.4 0.525957615468662 0.46804751199836
-113.04 0.514382913463818 0.479622214003204
-112.68 0.502797233656463 0.491207893810559
-112.32 0.491207893810283 0.502797233656739
-111.96 0.479622214000724 0.514382913466298
-111.6 0.468047511991475 0.525957615475547
-111.24 0.45649109861241 0.537514028854611
-110.88 0.444960273141917 0.549044854325105
-110.52 0.433462318696509 0.560542808770512
-110.16 0.422004497630658 0.572000629836363
-109.8 0.410594046949735 0.583411080517287
-109.44 0.399238173738957 0.594766953728065
-109.08 0.387944050611245 0.606061076855777
-108.72 0.376718811176846 0.617286316290176
-108.36 0.365569545537587 0.628435581929435
-108.0 0.35450329580862 0.639501831658402
-107.64 0.34352705167047 0.650478075796552
-107.28 0.332647745954201 0.66135738151282
-106.92 0.321872250262496 0.672132877204526
-106.56 0.311207370629396 0.682797756837625
-106.2 0.300659843221475 0.693345284245547
-105.84 0.290236330083124 0.703768797383898
-105.48 0.279943414928664 0.714061712538357
-105.12 0.269787598983933 0.724217528483089
-104.76 0.259775296879968 0.734229830587054
-104.4 0.249912832601389 0.744092294865633
-104.04 0.240206435492035 0.753798691974986
-103.68 0.230662236320377 0.763342891146644
-103.32 0.221286263407192 0.772718864059829
-102.96 0.212084438817948 0.781920688649073
-102.6 0.203062574622298 0.790942552844723
-102.24 0.194226369223054 0.799778758243967
-101.88 0.185581403756955 0.808423723710066
-101.52 0.177133138569499 0.816871988897523
-101.16 0.168886909766071 0.82511821770095
-100.8 0.16084792584155 0.833157201625473
-100.44 0.153021264390502 0.84098386307652
-100.08 0.145411868900074 0.848593258566947
-99.72 0.138024545627575 0.855980581839447
-99.36 0.130863960564738 0.863141166902283
-99.0 0.123934636490588 0.870070490976434
-98.64 0.11724095011475 0.876764177352272
-98.28 0.110787129313032 0.88321799815399
-97.92 0.104577250457001 0.889427877010021
-97.56 0.098615235839265 0.895389891627757
-97.2 0.092904851196067 0.901100276270955
-96.84 0.0874497033287647 0.906555424138257
-96.48 0.0822532378256979 0.911751889641324
-96.12 0.0773187368858804 0.916686390581141
-95.76 0.0726493172458948 0.921355810221127
-95.4 0.0682479282112922 0.925757199255729
-95.04 0.0641173497937492 0.929887777673272
-94.68 0.0602601909551526 0.933744936511869
-94.32 0.056678887959723 0.937326239507299
-93.96 0.0533757028352183 0.940629424631804
-93.6 0.0503527219441881 0.943652405522834
-93.24 0.0476118546661824 0.946393272800839
-92.88 0.0451548321917474 0.948850295275274
-92.52 0.0429832064289673 0.951021921038054
-92.16 0.0410983490232461 0.952906778443775
-91.8 0.039501450490948 0.954503676976074
-91.44 0.0381935194674399 0.955811607999582
-91.08 0.0371753820700175 0.956829745397004
-90.72 0.0364476813761107 0.957557446090911
-90.36 0.0360108770171024 0.957994250449919
-90.0 0.0358652448880158 0.958139882579006
-89.64 0.0360108769732526 0.957994250493769
-89.28 0.0364476812884941 0.957557446178528
-88.92 0.0371753819388003 0.956829745528221
-88.56 0.038193519292871 0.955811608174151
-88.2 0.0395014502733589 0.954503677193663
-87.84 0.0410983487630506 0.952906778703971
-87.48 0.0429832061266607 0.951021921340361
-87.12 0.0451548318479069 0.948850295619115
-86.76 0.0476118542814652 0.946393273185556
-86.4 0.0503527215193315 0.94365240594769
-86.04 0.0533757023710392 0.940629425095983
-85.68 0.0566788874571162 0.937326240009905
-85.32 0.0602601904150906 0.933744937051931
-84.96 0.0641173492172803 0.929887778249741
-84.6 0.0682479275995404 0.925757199867481
-84.24 0.0726493166000583 0.921355810866963
-83.88 0.07731873620723 0.916686391259792
-83.52 0.0822532371155752 0.911751890351447
-83.16 0.0874497025885828 0.906555424878439
-82.8 0.0929048504273059 0.901100277039716
-82.44 0.0986152350434725 0.895389892423549
-82.08 0.10457724963579 0.889427877831232
-81.72 0.110787128468079 0.883217998998943
-81.36 0.117240949247794 0.876764178219228
-81.0 0.123934635603426 0.870070491863596
-80.64 0.130863959659227 0.863141167807795
-80.28 0.138024544705626 0.855980582761395
-79.92 0.145411867963655 0.848593259503366
-79.56 0.15302126344163 0.840983864025392
-79.2 0.160847924882292 0.833157202584729
-78.84 0.168886908798543 0.825118218668479
-78.48 0.17713313759586 0.816871989871162
-78.12 0.18558140277941 0.808423724687612
-77.76 0.194226368243845 0.799778759223177
-77.4 0.203062573643706 0.790942553823316
-77.04 0.21208443784229 0.781920689624731
-76.68 0.221286262436818 0.772718865030203
-76.32 0.230662235357667 0.763342892109355
-75.96 0.240206434539397 0.753798692927625
-75.6 0.249912831661254 0.744092295805767
-75.24 0.259775295954793 0.734229831512228
-74.88 0.269787598076194 0.724217529390828
-74.52 0.279943414040851 0.714061713426171
-74.16 0.290236329217742 0.703768798249279
-73.8 0.300659842381043 0.693345285085979
-73.44 0.31120736981644 0.682797757650582
-73.08 0.321872249479546 0.672132877987476
-72.72 0.332647745203792 0.66135738226323
-72.36 0.343527050955134 0.650478076511888
-72.0 0.354503295130889 0.639501832336133
-71.64 0.365569544899985 0.628435582567037
-71.28 0.376718810581889 0.617286316885132
-70.92 0.387944050061438 0.606061077405584
-70.56 0.399238173236788 0.594766954230233
-70.2 0.410594046497677 0.583411080969345
-69.84 0.422004497231162 0.57200063023586
-69.48 0.433462318352001 0.560542809115021
-69.12 0.4449602728548 0.549044854612222
-68.76 0.456491098385055 0.537514029081967
-68.4 0.468047511826221 0.525957615640801
-68.04 0.479622213899877 0.514382913567145
-67.68 0.491207893776109 0.502797233690913
-67.32 0.502797233691188 0.491207893775833
-66.96 0.514382913569625 0.479622213897397
-66.6 0.525957615647686 0.468047511819336
-66.24 0.537514029095454 0.456491098371568
-65.88 0.549044854634498 0.444960272832523
-65.52 0.560542809148262 0.43346231831876
-65.16 0.57200063028223 0.422004497184792
-64.8 0.583411081030989 0.410594046436033
-64.44 0.594766954309278 0.399238173157744
-64.08 0.606061077504134 0.387944049962887
-63.72 0.617286317005268 0.376718810461754
-63.36 0.628435582710809 0.365569544756212
-63.0 0.639501832505566 0.354503294961456
-62.64 0.65047807670897 0.343527050758052
-62.28 0.661357382489916 0.332647744977105
-61.92 0.672132878245683 0.321872249221339
-61.56 0.682797757942186 0.311207369524836
-61.2 0.693345285412813 0.300659842054209
-60.84 0.703768798613132 0.29023632885389
-60.48 0.714061713828783 0.279943413638239
-60.12 0.724217529833891 0.269787597633131
-59.76 0.73422983199738 0.259775295469642
-59.4 0.744092296334592 0.24991283113243
-59.04 0.75379869350165 0.240206433965372
-58.68 0.763342892730048 0.230662234736973
-58.32 0.772718865698974 0.221286261768048
-57.96 0.781920690342923 0.212084437124098
-57.6 0.790942554592209 0.203062572874813
-57.24 0.799778760043984 0.194226367423038
-56.88 0.808423725561478 0.185581401905544
-56.52 0.816871990799159 0.177133136667863
-56.16 0.825118219651611 0.168886907815411
-55.8 0.833157203623925 0.160847923843097
-55.44 0.840983865121502 0.15302126234552
-55.08 0.848593260657168 0.145411866809854
-54.72 0.855980583973586 0.138024543493436
-54.36 0.863141169078992 0.13086395838803
-54.0 0.870070493194338 0.123934634272684
-53.64 0.87676417960997 0.117240947857052
-53.28 0.883218000450056 0.110787127016965
-52.92 0.889427879343005 0.104577248124017
-52.56 0.895389893996185 0.0986152334708365
-52.2 0.901100278673332 0.09290484879369
-51.84 0.906555426573065 0.0874497008939568
-51.48 0.911751892107025 0.0822532353599969
-51.12 0.916686393076178 0.0773187343908436
-50.76 0.921355812743924 0.0726493147230979
-50.4 0.925757201804693 0.0682479256623291
-50.04 0.929887780246792 0.0641173472202295
-49.68 0.933744939108319 0.0602601883587022
-49.32 0.93732624212504 0.0566788853419815
-48.96 0.940629427269182 0.0533757001978393
-48.6 0.943652408178185 0.0503527192888373
-48.24 0.946393275472485 0.0476118519945372
-47.88 0.948850297961527 0.0451548295054951
-47.52 0.951021923737217 0.0429832037298047
-47.16 0.952906781154144 0.041098346312878
-46.8 0.954503679695936 0.0395014477710863
-46.44 0.955811610727219 0.0381935167398026
-46.08 0.956829748130694 0.0371753793363274
-45.72 0.957557448828927 0.0364476786380943
-45.36 0.957994253190532 0.0360108742764893
-45.0 0.958139885320485 0.0358652421465369
-44.64 0.957994253234382 0.0360108742326395
-44.28 0.957557448916544 0.0364476785504779
-43.92 0.956829748261911 0.0371753792051103
-43.56 0.955811610901788 0.0381935165652339
-43.2 0.954503679913524 0.0395014475534975
-42.84 0.952906781414339 0.041098346052683
-42.48 0.951021924039523 0.0429832034274986
-42.12 0.948850298305366 0.0451548291616552
-41.76 0.946393275857201 0.0476118516098208
-41.4 0.94365240860304 0.0503527188639816
-41.04 0.940629427733361 0.0533756997336612
-40.68 0.937326242627646 0.0566788848393757
-40.32 0.93374493964838 0.0602601878186411
-39.96 0.92988778082326 0.0641173466437618
-39.6 0.925757202416443 0.0682479250505786
-39.24 0.921355813389759 0.0726493140772627
-38.88 0.916686393754827 0.0773187337121944
-38.52 0.911751892817146 0.0822532346498753
-38.16 0.906555427313246 0.0874497001537761
-37.8 0.901100279442092 0.0929048480249303
-37.44 0.895389894791976 0.0986152326750454
-37.08 0.889427880164215 0.104577247302807
-36.72 0.883218001295007 0.110787126172014
-36.36 0.876764180476925 0.117240946990097
-36.0 0.870070494081499 0.123934633385524
-35.64 0.863141169984502 0.130863957482519
-35.28 0.855980584895532 0.138024542571489
-34.92 0.848593261593586 0.145411865873436
-34.56 0.840983866070373 0.153021261396649
-34.2 0.833157204583182 0.16084792288384
-33.84 0.825118220619138 0.168886906847884
-33.48 0.816871991772797 0.177133135694225
-33.12 0.808423726539022 0.185581400928
-32.76 0.799778761023193 0.194226366443829
-32.4 0.7909425555708 0.203062571896222
-32.04 0.781920691318579 0.212084436148442
-31.68 0.772718866669346 0.221286260797675
-31.32 0.763342893692757 0.230662233774265
-30.96 0.753798694454287 0.240206433012735
-30.6 0.744092297274724 0.249912830192298
-30.24 0.734229832922552 0.259775294544469
-29.88 0.724217530741629 0.269787596725393
-29.52 0.714061714716595 0.279943412750427
-29.16 0.703768799478511 0.290236327988511
-28.8 0.693345286253243 0.300659841213779
-28.44 0.682797758755141 0.311207368711881
-28.08 0.672132879028632 0.32187224843839
-27.72 0.661357383240325 0.332647744226697
-27.36 0.650478077424306 0.343527050042716
-27.0 0.639501833183296 0.354503294283726
-26.64 0.628435583348411 0.365569544118611
-26.28 0.617286317600223 0.376718809866799
-25.92 0.606061078053941 0.387944049413081
-25.56 0.594766954811446 0.399238172655576
-25.2 0.583411081483047 0.410594045983975
-24.84 0.572000630681726 0.422004496785296
-24.48 0.560542809492769 0.433462317974252
-24.12 0.549044854921615 0.444960272545407
-23.76 0.537514029322809 0.456491098144213
-23.4 0.52595761581294 0.468047511654082
-23.04 0.514382913670471 0.479622213796551
-22.68 0.502797233725362 0.491207893741659
-22.32 0.491207893741384 0.502797233725638
-21.96 0.47962221379407 0.514382913672951
-21.6 0.468047511647196 0.525957615819825
-21.24 0.456491098130726 0.537514029336296
-20.88 0.44496027252313 0.549044854943892
-20.52 0.433462317941011 0.560542809526011
-20.16 0.422004496738926 0.572000630728096
-19.8 0.410594045922331 0.58341108154469
-19.44 0.399238172576531 0.594766954890491
-19.08 0.387944049314532 0.60606107815249
-18.72 0.376718809746663 0.617286317720359
-18.36 0.365569543974839 0.628435583492183
-18.0 0.354503294114293 0.639501833352728
-17.64 0.343527049845636 0.650478077621386
-17.28 0.332647744000011 0.66135738346701
-16.92 0.321872248180184 0.672132879286838
-16.56 0.311207368420278 0.682797759046744
-16.2 0.300659840886946 0.693345286580076
-15.84 0.290236327624658 0.703768799842363
-15.48 0.279943412347816 0.714061715119206
-15.12 0.269787596282331 0.724217531184691
-14.76 0.259775294059319 0.734229833407703
-14.4 0.249912829663474 0.744092297803548
-14.04 0.24020643243871 0.753798695028312
-13.68 0.230662233153572 0.76334289431345
-13.32 0.221286260128906 0.772718867338116
-12.96 0.212084435430252 0.78192069203677
-12.6 0.20306257112733 0.790942556339692
-12.24 0.194226365623024 0.799778761843998
-11.88 0.185581400054136 0.808423727412886
-11.52 0.177133134766229 0.816871992700793
-11.16 0.168886905864753 0.825118221602268
-10.8 0.160847921844647 0.833157205622374
-10.44 0.15302126030054 0.840983867166481
-10.08 0.145411864719637 0.848593262747385
-9.72 0.138024541359301 0.855980586107721
-9.36000000000001 0.130863956211325 0.863141171255697
-9.0 0.123934632054784 0.870070495412238
-8.64000000000001 0.117240945599359 0.876764181867663
-8.28 0.110787124720903 0.883218002746118
-7.92000000000002 0.104577245791037 0.889427881675985
-7.56 0.0986152311024122 0.89538989636461
-7.20000000000002 0.0929048463913177 0.901100281075704
-6.84 0.0874496984591532 0.906555429007868
-6.48000000000002 0.0822532328943001 0.911751894572722
-6.12 0.0773187318958111 0.916686395571211
-5.76000000000002 0.072649312200306 0.921355815266716
-5.40000000000001 0.0682479231133704 0.925757204353651
-5.04000000000002 0.0641173446467148 0.929887782820307
-4.68000000000001 0.0602601857622563 0.933744941704765
-4.31999999999999 0.0566788827242448 0.937326244742777
-3.96000000000001 0.0533756975604651 0.940629429906557
-3.59999999999999 0.0503527166334913 0.94365241083353
-3.24000000000001 0.0476118493228969 0.946393278144125
-2.88 0.0451548268192477 0.948850300647774
-2.52000000000001 0.0429832010306469 0.951021926436375
-2.16 0.0410983436025147 0.952906783864507
-1.80000000000001 0.0395014450512294 0.954503682415792
-1.44 0.0381935140121701 0.955811613454852
-1.08000000000001 0.0371753766026421 0.95682975086438
-0.719999999999999 0.0364476759000829 0.957557451566939
-0.360000000000014 0.0360108715358811 0.957994255931141
0.0 0.0358652394050629 0.958139888061959
0.359999999999985 0.0360108714920313 0.957994255974991
0.719999999999999 0.0364476758124666 0.957557451654555
1.07999999999998 0.0371753764714252 0.956829750995597
1.44 0.0381935138376018 0.95581161362942
1.79999999999998 0.039501444833641 0.95450368263338
2.16 0.0410983433423201 0.952906784124701
2.51999999999998 0.0429832007283414 0.95102192673868
2.88 0.0451548264754084 0.948850300991613
3.23999999999998 0.0476118489381808 0.946393278528841
3.59999999999999 0.0503527162086364 0.943652411258385
3.95999999999998 0.0533756970962875 0.940629430370734
4.31999999999999 0.0566788822216398 0.937326245245382
4.68000000000001 0.0602601852221961 0.933744942244825
5.03999999999999 0.0641173440702478 0.929887783396774
5.40000000000001 0.0682479225016211 0.925757204965401
5.75999999999999 0.0726493115544715 0.92135581591255
6.12 0.0773187312171631 0.916686396249859
6.47999999999999 0.0822532321841799 0.911751895282842
6.84 0.0874496977189738 0.906555429748048
7.19999999999999 0.092904845622559 0.901100281844463
7.56 0.0986152303066226 0.895389897160399
7.91999999999999 0.104577244969828 0.889427882497193
8.28 0.110787123875954 0.883218003591068
8.63999999999999 0.117240944732405 0.876764182734617
9.0 0.123934631167625 0.870070496299397
9.35999999999999 0.130863955305816 0.863141172161206
9.72 0.138024540437356 0.855980587029666
10.08 0.14541186378322 0.848593263683801
10.44 0.153021259351671 0.840983868115351
10.8 0.160847920885392 0.833157206581629
11.16 0.168886904897228 0.825118222569794
11.52 0.177133133792594 0.816871993674429
11.88 0.185581399076594 0.808423728390428
12.24 0.194226364643817 0.799778762823205
12.6 0.203062570148742 0.79094255731828
12.96 0.212084434454596 0.781920693012425
13.32 0.221286259158535 0.772718868308486
13.68 0.230662232190865 0.763342895276157
14.04 0.240206431486075 0.753798695980946
14.4 0.249912828723344 0.744092298743678
14.76 0.259775293134147 0.734229834332874
15.12 0.269787595374594 0.724217532092427
15.48 0.279943411460005 0.714061716007017
15.84 0.290236326759281 0.703768800707741
16.2 0.300659840046517 0.693345287420505
16.56 0.311207367607324 0.682797759859698
16.92 0.321872247397236 0.672132880069786
17.28 0.332647743249603 0.661357384217418
17.64 0.343527049130301 0.650478078336721
18.0 0.354503293436564 0.639501834030458
18.36 0.365569543337238 0.628435584129783
18.72 0.376718809151709 0.617286318315313
19.08 0.387944048764726 0.606061078702296
19.44 0.399238172074364 0.594766955392658
19.8 0.410594045470274 0.583411081996748
20.16 0.422004496339431 0.572000631127591
20.52 0.433462317596504 0.560542809870517
20.88 0.444960272236014 0.549044855231008
21.24 0.456491097903371 0.537514029563651
21.6 0.468047511481944 0.525957615985078
21.96 0.479622213693223 0.514382913773799
22.32 0.49120789370721 0.502797233759812
22.68 0.502797233760087 0.491207893706935
23.04 0.514382913776278 0.479622213690744
23.4 0.525957615991964 0.468047511475058
23.76 0.537514029577137 0.456491097889885
24.12 0.549044855253284 0.444960272213738
24.48 0.560542809903759 0.433462317563263
24.84 0.572000631173961 0.422004496293061
25.2 0.583411082058391 0.410594045408631
25.56 0.594766955471702 0.399238171995319
25.92 0.606061078800845 0.387944048666177
26.28 0.617286318435448 0.376718809031574
26.64 0.628435584273555 0.365569543193467
27.0 0.63950183419989 0.354503293267132
27.36 0.650478078533801 0.34352704893322
27.72 0.661357384444104 0.332647743022918
28.08 0.672132880327991 0.32187224713903
28.44 0.6827977601513 0.311207367315721
28.8 0.693345287747337 0.300659839719685
29.16 0.703768801071593 0.290236326395429
29.52 0.714061716409627 0.279943411057395
29.88 0.724217532535488 0.269787594931533
30.24 0.734229834818024 0.259775292648998
30.6 0.744092299272501 0.249912828194521
30.96 0.753798696554969 0.240206430912053
31.32 0.763342895896848 0.230662231570173
31.68 0.772718868977254 0.221286258489768
32.04 0.781920693730614 0.212084433736408
32.4 0.790942558087171 0.203062569379851
32.76 0.799778763644008 0.194226363823014
33.12 0.808423729264291 0.185581398202731
33.48 0.816871994602423 0.177133132864599
33.84 0.825118223552923 0.168886903914099
34.2 0.83315720762082 0.160847919846202
34.56 0.840983869211457 0.153021258255565
34.92 0.848593264837598 0.145411862629423
35.28 0.855980588241852 0.13802453922517
35.64 0.863141173432398 0.130863954034624
36.0 0.870070497630134 0.123934629836888
36.36 0.876764184125353 0.117240943341669
36.72 0.883218005042176 0.110787122424845
37.08 0.889427884008961 0.104577243458061
37.44 0.89538989873303 0.0986152287339921
37.8 0.901100283478072 0.0929048439889493
38.16 0.906555431442668 0.0874496960243539
38.52 0.911751897038414 0.0822532304286077
38.88 0.916686398066239 0.0773187294007831
39.24 0.921355817789503 0.0726493096775183
39.6 0.925757206902605 0.0682479205644164
39.96 0.929887785393817 0.0641173420732044
40.32 0.933744944301206 0.0602601831658151
40.68 0.937326247360509 0.0566788801065129
41.04 0.940629432543926 0.0533756949230955
41.4 0.943652413488872 0.0503527139781501
41.76 0.94639328081576 0.0476118466512612
42.12 0.948850303334017 0.045154824133005
42.48 0.951021929135528 0.0429831983314939
42.84 0.952906786574865 0.0410983408921563
43.2 0.954503685135644 0.0395014423313774
43.56 0.955811616182479 0.0381935112845424
43.92 0.95682975359806 0.0371753738689616
44.28 0.957557454304946 0.0364476731620762
44.64 0.957994258671744 0.0360108687952777
45.0 0.958139890803428 0.0358652366635938
45.36 0.957994258715594 0.036010868751428
45.72 0.957557454392562 0.0364476730744601
46.08 0.956829753729277 0.037175373737745
46.44 0.955811616357047 0.0381935111099744
46.8 0.954503685353232 0.0395014421137894
47.16 0.952906786835059 0.0410983406319621
47.52 0.951021929437833 0.0429831980291889
47.88 0.948850303677855 0.0451548237891663
48.24 0.946393281200476 0.0476118462665458
48.6 0.943652413913726 0.0503527135532959
48.96 0.940629433008103 0.0533756944589187
49.32 0.937326247863113 0.0566788796039086
49.68 0.933744944841266 0.0602601826257556
50.04 0.929887785970283 0.0641173414967384
50.4 0.925757207514354 0.0682479199526677
50.76 0.921355818435337 0.0726493090316849
51.12 0.916686398744885 0.0773187287221363
51.48 0.911751897748533 0.0822532297184888
51.84 0.906555432182846 0.0874496952841757
52.2 0.90110028424683 0.0929048432201919
52.56 0.895389899528818 0.0986152279382039
52.92 0.889427884830168 0.104577242636854
53.28 0.883218005887125 0.110787121579897
53.64 0.876764184992305 0.117240942474716
54.0 0.870070498517291 0.123934628949731
54.36 0.863141174337905 0.130863953129117
54.72 0.855980589163795 0.138024538303226
55.08 0.848593265774013 0.145411861693008
55.44 0.840983870160324 0.153021257306698
55.8 0.833157208580073 0.160847918886948
56.16 0.825118224520445 0.168886902946576
56.52 0.816871995576057 0.177133131890965
56.88 0.808423730241832 0.18558139722519
57.24 0.799778764623213 0.194226362843809
57.6 0.790942559065758 0.203062568401264
57.96 0.781920694706268 0.212084432760754
58.32 0.772718869947623 0.221286257519398
58.68 0.763342896859554 0.230662230607467
59.04 0.753798697507603 0.240206429959419
59.4 0.744092300212631 0.249912827254391
59.76 0.734229835743194 0.259775291723828
60.12 0.724217533443223 0.269787594023798
60.48 0.714061717297437 0.279943410169585
60.84 0.703768801936969 0.290236325530052
61.2 0.693345288587765 0.300659838879257
61.56 0.682797760964252 0.311207366502769
61.92 0.672132881110938 0.321872246356084
62.28 0.661357385194509 0.332647742272512
62.64 0.650478079249135 0.343527048217887
63.0 0.639501834877617 0.354503292589404
63.36 0.628435584911154 0.365569542555867
63.72 0.617286319030401 0.37671880843662
64.08 0.60606107935065 0.387944048116372
64.44 0.594766955973868 0.399238171493154
64.8 0.583411082510447 0.410594044956574
65.16 0.572000631573455 0.422004495893566
65.52 0.560542810248265 0.433462317218757
65.88 0.5490448555404 0.444960271926622
66.24 0.537514029804492 0.456491097662529
66.6 0.525957616157217 0.468047511309805
66.96 0.514382913877125 0.479622213589896
67.32 0.502797233794261 0.491207893672761
67.68 0.491207893672486 0.502797233794536
68.04 0.479622213587418 0.514382913879604
68.4 0.468047511302921 0.525957616164101
68.76 0.456491097649043 0.537514029817978
69.12 0.444960271904346 0.549044855562676
69.48 0.433462317185516 0.560542810281506
69.84 0.422004495847196 0.572000631619825
70.2 0.410594044894931 0.583411082572091
70.56 0.399238171414109 0.594766956052913
70.92 0.387944048017823 0.606061079449199
71.28 0.376718808316485 0.617286319150536
71.64 0.365569542412096 0.628435585054925
72.0 0.354503292419972 0.639501835047049
72.36 0.343527048020807 0.650478079446215
72.72 0.332647742045827 0.661357385421195
73.08 0.321872246097879 0.672132881369143
73.44 0.311207366211167 0.682797761255855
73.8 0.300659838552425 0.693345288914597
74.16 0.290236325166202 0.70376880230082
74.52 0.279943409766976 0.714061717700046
74.88 0.269787593580738 0.724217533886284
75.24 0.25977529123868 0.734229836228342
75.6 0.24991282672557 0.744092300741452
75.96 0.240206429385397 0.753798698081624
76.32 0.230662229986777 0.763342897480245
76.68 0.221286256850631 0.772718870616391
77.04 0.212084432042567 0.781920695424454
77.4 0.203062567632376 0.790942559834646
77.76 0.194226362023006 0.799778765444016
78.12 0.185581396351329 0.808423731115693
78.48 0.177133130962972 0.81687199650405
78.84 0.168886901963449 0.825118225503572
79.2 0.160847917847759 0.833157209619262
79.56 0.153021256210593 0.840983871256429
79.92 0.145411860539213 0.848593266927809
80.28 0.138024537091043 0.855980590375979
80.64 0.130863951857927 0.863141175609095
81.0 0.123934627618996 0.870070499848026
81.36 0.117240941083982 0.87676418638304
81.72 0.110787120128792 0.88321800733823
82.08 0.104577241125089 0.889427886341932
82.44 0.0986152263655763 0.895389901101445
82.8 0.0929048415865848 0.901100285880437
83.16 0.0874496935895593 0.906555433877463
83.52 0.0822532279629198 0.911751899504102
83.88 0.0773187269057596 0.916686400561262
84.24 0.0726493071547346 0.921355820312287
84.6 0.0682479180154672 0.925757209451554
84.96 0.0641173394996986 0.929887787967323
85.32 0.0602601805693784 0.933744946897643
85.68 0.0566788774887852 0.937326249978236
86.04 0.0533756922857309 0.940629435181291
86.4 0.0503527113228139 0.943652416144208
86.76 0.0476118439796303 0.946393283487391
87.12 0.0451548214467671 0.948850306020255
87.48 0.0429831956323455 0.951021931834676
87.84 0.0410983381818028 0.952906789285219
88.2 0.0395014396115302 0.954503687855491
88.56 0.0381935085569196 0.955811618910102
88.92 0.0371753711352859 0.956829756331736
89.28 0.0364476704240745 0.957557457042947
89.64 0.0360108660546791 0.957994261412342
90.0 0.0358652339221295 0.958139893544892
90.36 0.0360108660108296 0.957994261456192
90.72 0.0364476703364585 0.957557457130563
91.08 0.0371753710040696 0.956829756462952
91.44 0.0381935083823519 0.95581161908467
91.8 0.0395014393939426 0.954503688073079
92.16 0.0410983379216088 0.952906789545413
92.52 0.0429831953300412 0.95102193213698
92.88 0.045154821102929 0.948850306364093
93.24 0.0476118435949158 0.946393283872106
93.6 0.05035271089796 0.943652416569062
93.96 0.0533756918215547 0.940629435645467
94.32 0.056678876986182 0.93732625048084
94.68 0.0602601800293202 0.933744947437701
95.04 0.0641173389232333 0.929887788543788
95.4 0.0682479174037193 0.925757210063302
95.76 0.0726493065089028 0.921355820958119
96.12 0.0773187262271138 0.916686401239908
96.48 0.0822532272528024 0.911751900214219
96.84 0.0874496928493817 0.90655543461764
97.2 0.0929048408178291 0.901100286649193
97.56 0.0986152255697894 0.895389901897232
97.92 0.104577240303884 0.889427887163138
98.28 0.110787119283844 0.883218008183178
98.64 0.117240940217032 0.87676418724999
99.0 0.12393462673184 0.870070500735181
99.36 0.130863950952422 0.8631411765146
99.72 0.1380245361691 0.855980591297922
100.08 0.1454118596028 0.848593267864221
100.44 0.153021255261727 0.840983872205294
100.8 0.160847916888508 0.833157210578513
101.16 0.168886900995927 0.825118226471095
101.52 0.17713312998934 0.816871997477681
101.88 0.18558139537379 0.808423732093232
102.24 0.194226361043804 0.799778766423218
102.6 0.203062566653789 0.790942560813232
102.96 0.212084431066915 0.781920696400107
103.32 0.221286255880264 0.772718871586758
103.68 0.230662229024074 0.763342898442947
104.04 0.240206428432764 0.753798699034257
104.4 0.249912825785442 0.74409230168158
104.76 0.259775290313511 0.73422983715351
105.12 0.269787592673005 0.724217534794017
105.48 0.279943408879167 0.714061718587854
105.84 0.290236324300826 0.703768803166196
106.2 0.300659837711999 0.693345289755023
106.56 0.311207365398216 0.682797762068805
106.92 0.321872245314934 0.672132882152087
107.28 0.332647741295421 0.6613573861716
107.64 0.343527047305475 0.650478080161547
108.0 0.354503291742246 0.639501835724776
108.36 0.365569541774499 0.628435585692523
108.72 0.376718807721532 0.61728631974549
109.08 0.387944047468018 0.606061079999003
109.44 0.399238170911944 0.594766956555078
109.8 0.410594044442876 0.583411083024145
110.16 0.422004495447702 0.57200063201932
110.52 0.43346231684101 0.560542810626012
110.88 0.44496027161723 0.549044855849791
111.24 0.45649109742169 0.537514030045332
111.6 0.468047511137667 0.525957616329355
111.96 0.47962221348657 0.514382913980451
112.32 0.491207893638311 0.50279723382871
112.68 0.502797233828986 0.491207893638036
113.04 0.514382913982929 0.479622213484092
113.4 0.525957616336238 0.468047511130783
113.76 0.537514030058819 0.456491097408203
114.12 0.549044855872067 0.444960271594954
114.48 0.560542810659252 0.43346231680777
114.84 0.572000632065688 0.422004495401334
115.2 0.583411083085789 0.410594044381233
115.56 0.594766956634122 0.3992381708329
115.92 0.606061080097553 0.387944047369469
116.28 0.617286319865622 0.3767188076014
116.64 0.628435585836295 0.365569541630727
117.0 0.639501835894207 0.354503291572814
117.36 0.650478080358628 0.343527047108394
117.72 0.661357386398283 0.332647741068738
118.08 0.672132882410292 0.321872245056729
118.44 0.682797762360407 0.311207365106615
118.8 0.693345290081855 0.300659837385167
119.16 0.703768803530045 0.290236323936977
119.52 0.714061718990463 0.279943408476559
119.88 0.724217535237077 0.269787592229945
120.24 0.734229837638658 0.259775289828363
120.6 0.7440923022104 0.249912825256622
120.96 0.753798699608277 0.240206427858745
121.32 0.763342899063637 0.230662228403385
121.68 0.772718872255524 0.221286255211498
122.04 0.781920697118292 0.212084430348729
122.4 0.790942561582119 0.203062565884903
122.76 0.79977876724402 0.194226360223002
123.12 0.808423732967091 0.185581394499931
123.48 0.816871998405671 0.17713312906135
123.84 0.825118227454219 0.168886900012802
124.2 0.833157211617701 0.160847915849321
124.56 0.840983873301397 0.153021254165625
124.92 0.848593269018014 0.145411858449007
125.28 0.855980592510102 0.138024534956919
125.64 0.863141177785788 0.130863949681233
126.0 0.870070502065914 0.123934625401108
126.36 0.876764188640722 0.1172409388263
126.72 0.88321800963428 0.110787117832742
127.08 0.8894278886749 0.104577238792122
127.44 0.895389903469857 0.0986152239971645
127.8 0.901100288282797 0.0929048391842249
128.16 0.906555436312253 0.0874496911547687
128.52 0.911751901969786 0.0822532254972361
128.88 0.916686403056281 0.0773187244107404
129.24 0.921355822835066 0.0726493046319558
129.6 0.925757212000499 0.0682479154665221
129.96 0.929887790540825 0.0641173369261973
130.32 0.933744949494075 0.0602601779729465
130.68 0.937326252595959 0.0566788748710624
131.04 0.940629437818651 0.0533756896483707
131.4 0.94365241879954 0.0503527086674821
131.76 0.946393286159018 0.0476118413080041
132.12 0.948850308706488 0.045154818760534
132.48 0.951021934533819 0.0429831929332025
132.84 0.952906791995568 0.0410983354714539
133.2 0.954503690575334 0.0395014368916879
133.56 0.95581162163772 0.0381935058293017
133.92 0.956829759065407 0.0371753684016152
134.28 0.957557459780944 0.0364476676860777
134.64 0.957994264152936 0.0360108633140855
135.0 0.958139896286352 0.0358652311806701
135.36 0.957994264196786 0.0360108632702361
135.72 0.95755745986856 0.0364476675984617
136.08 0.956829759196623 0.0371753682703991
136.44 0.955811621812287 0.0381935056547343
136.8 0.954503690792921 0.0395014366741007
137.16 0.952906792255761 0.0410983352112604
137.52 0.951021934836123 0.0429831926308984
137.88 0.948850309050325 0.0451548184166965
138.24 0.946393286543732 0.0476118409232902
138.6 0.943652419224393 0.050352708242629
138.96 0.940629438282827 0.0533756891841953
139.32 0.937326253098562 0.0566788743684601
139.68 0.933744950034132 0.0602601774328891
140.04 0.929887791117289 0.0641173363497331
140.4 0.925757212612247 0.0682479148547752
140.76 0.921355823480897 0.0726493039861251
141.12 0.916686403734926 0.0773187237320959
141.48 0.911751902679903 0.0822532247871191
141.84 0.906555437052429 0.0874496904145923
142.2 0.901100289051551 0.0929048384154706
142.56 0.895389904265643 0.0986152232013792
142.92 0.889427889496104 0.104577237970918
143.28 0.883218010479226 0.110787116987796
143.64 0.87676418950767 0.117240937959351
144.0 0.870070502953068 0.123934624513954
144.36 0.863141178691291 0.13086394877573
144.72 0.855980593432044 0.138024534034978
145.08 0.848593269954426 0.145411857512596
145.44 0.840983874250261 0.153021253216761
145.8 0.83315721257695 0.160847914890071
146.16 0.82511822842174 0.168886899045281
146.52 0.816871999379303 0.177133128087719
146.88 0.808423733944628 0.185581393522394
147.24 0.799778768223221 0.194226359243801
147.6 0.790942562560703 0.203062564906318
147.96 0.781920698093943 0.212084429373079
148.32 0.772718873225889 0.221286254241132
148.68 0.763342900026339 0.230662227440683
149.04 0.753798700560908 0.240206426906113
149.4 0.744092303150527 0.249912824316495
149.76 0.734229838563825 0.259775288903197
150.12 0.724217536144808 0.269787591322213
150.48 0.71406171987827 0.279943407588752
150.84 0.703768804395419 0.290236323071602
151.2 0.693345290922279 0.300659836544743
151.56 0.682797763173356 0.311207364293665
151.92 0.672132883193236 0.321872244273786
152.28 0.661357387148689 0.332647740318333
152.64 0.650478081073958 0.343527046393064
153.0 0.639501836571933 0.354503290895089
153.36 0.628435586473891 0.365569540993131
153.72 0.617286320460576 0.376718807006446
154.08 0.606061080647355 0.387944046819666
154.44 0.594766957136286 0.399238170330736
154.8 0.583411083537843 0.410594043929178
155.16 0.572000632465183 0.422004495001839
155.52 0.560542811003758 0.433462316463264
155.88 0.549044856159183 0.444960271307839
156.24 0.537514030286172 0.456491097180849
156.6 0.525957616501493 0.468047510965529
156.96 0.514382914083777 0.479622213383244
157.32 0.50279723386316 0.491207893603862
157.68 0.491207893603586 0.502797233863435
158.04 0.479622213380766 0.514382914086255
158.4 0.468047510958646 0.525957616508376
158.76 0.456491097167363 0.537514030299659
159.12 0.444960271285563 0.549044856181458
159.48 0.433462316430024 0.560542811036998
159.84 0.422004494955471 0.572000632511551
160.2 0.410594043867535 0.583411083599487
160.56 0.399238170251692 0.59476695721533
160.92 0.387944046721119 0.606061080745903
161.28 0.376718806886314 0.617286320580708
161.64 0.365569540849359 0.628435586617663
162.0 0.354503290725658 0.639501836741364
162.36 0.343527046195984 0.650478081271038
162.72 0.332647740091651 0.661357387375371
163.08 0.321872244015582 0.67213288345144
163.44 0.311207364002064 0.682797763464958
163.8 0.300659836217912 0.69334529124911
164.16 0.290236322707754 0.703768804759268
164.52 0.279943407186145 0.714061720280877
164.88 0.269787590879155 0.724217536587867
165.24 0.259775288418049 0.734229839048972
165.6 0.249912823787677 0.744092303679345
165.96 0.240206426332095 0.753798701134927
166.32 0.230662226819994 0.763342900647027
166.68 0.221286253572368 0.772718873894654
167.04 0.212084428654895 0.781920698812127
167.4 0.203062564137434 0.790942563329588
167.76 0.194226358423001 0.799778769044021
168.12 0.185581392648536 0.808423734818486
168.48 0.17713312715973 0.816872000307292
168.84 0.168886898062159 0.825118229404863
169.2 0.160847913850886 0.833157213616136
169.56 0.15302125212066 0.840983875346361
169.92 0.145411856358806 0.848593271108216
170.28 0.1380245328228 0.855980594644222
170.64 0.130863947504544 0.863141179962478
171.0 0.123934623183224 0.870070504283798
171.36 0.117240936568622 0.8767641908984
171.72 0.110787115536696 0.883218011930325
172.08 0.104577236459159 0.889427891007863
172.44 0.098615221628757 0.895389905838265
172.8 0.0929048367818694 0.901100290685152
173.16 0.0874496887199824 0.90655543874704
173.52 0.0822532230315569 0.911751904435465
173.88 0.0773187219157257 0.916686405551296
174.24 0.0726493021091815 0.92135582535784
174.6 0.0682479129175816 0.92575721454944
174.96 0.0641173343527007 0.929887793114321
175.32 0.0602601753765191 0.933744952090502
175.68 0.0566788722533442 0.937326255213678
176.04 0.0533756870110152 0.940629440456006
176.4 0.0503527060121551 0.943652421454867
176.76 0.0476118386363826 0.946393288830639
177.12 0.0451548160743057 0.948850311392716
177.48 0.0429831902340639 0.951021937232958
177.84 0.0410983327611099 0.952906794705912
178.2 0.0395014341718504 0.954503693295172
178.56 0.0381935031016885 0.955811624365333
178.92 0.0371753656679494 0.956829761799072
179.28 0.0364476649480856 0.957557462518936
179.64 0.0360108605734967 0.957994266893525
180.0 0.0358652284392156 0.958139899027806
